10
29
171
212
280
295
302
309
413
486
527
538
557
571
590
633
633
675
724
848
855
916
951
956
959
964
986
1004
1036
1050
1051
1089
1114
1153
1174
1202
1226
1232
1234
1292
1313
1333
1337
1341
1342
1370
1418
1445
1485
1510
1549
1555
1566
1611
1623
1643
1646
1655
1675
1748
1758
1763
1834
1859
1865
1870
1929
1933
1940
1941
1979
2021
2051
2075
2101
2114
2228
2249
2259
2260
2261
2270
2275
2281
2392
2429
2524
2563
2596
2660
2663
2682
2699
2733
2751
2770
2780
2786
2851
2899
2913
3026
3070
3085
3096
3112
3169
3175
3341
3386
3433
3435
3442
3468
3498
3511
3519
3523
3555
3559
3563
3571
3589
3593
3638
3647
3675
3690
3828
3867
3930
3945
3978
4005
4011
4017
4022
4080
4088
4106
4146
4170
4217
4258
4261
4302
4378
4402
4422
4532
4543
4575
4580
4674
4698
4814
4840
4857
4961
5029
5076
5154
5158
5158
5181
5309
5330
5331
5341
5421
5461
5475
5484
5548
5587
5629
5649
5686
5715
5738
5793
5828
5863
5874
5901
5917
5932
5957
5958
5961
5988
6012
6031
6106
6151
6201
6203
6232
6382
6388
6411
6427
6505
6519
6599
6617
6672
6724
6789
6873
6896
6986
6995
7084
7116
7117
7117
7118
7122
7134
7161
7177
7217
7275
7286
7379
7410
7495
7540
7558
7641
7657
7657
7673
7686
7719
7753
7756
7764
7778
7780
7783
7874
7886
7927
7986
7993
8007
8065
8077
8103
8186
8277
8307
8326
8328
8336
8348
8393
8410
8439
8448
8459
8473
8542
8613
8745
8758
8776
8791
8811
8854
8879
8888
8905
8966
8987
8992
9031
9071
9075
9083
9115
9119
9148
9177
9317
9325
9329
9348
9350
9363
9364
9400
9403
9416
9418
9432
9472
9487
9561
9623
9656
9668
9679
9689
9693
9822
9872
9935
10039
10103
10105
10118
10131
10211
10251
10254
10275
10287
10333
10385
10403
10425
10506
10545
10573
10592
10656
10670
10675
10714
10715
10752
10764
10773
10855
10943
10972
11001
11004
11016
11024
11026
11040
11045
11052
11093
11094
11119
11125
11133
11138
11248
11252
11269
11281
11288
11322
11340
11360
11483
11531
11562
11565
11649
11683
11731
11746
11754
11776
11785
11942
11988
12033
12052
12069
12078
12101
12138
12158
12233
12311
12383
12469
12486
12493
12521
12554
12560
12638
12652
12672
12706
12727
12747
12780
12805
12831
12832
12869
12926
12931
12985
13041
13078
13095
13112
13119
13128
13144
13174
13255
13255
13262
13276
13318
13361
13371
13474
13487
13516
13523
13561
13601
13638
13700
13732
13738
13738
13751
13875
13889
13946
14000
14031
14033
14035
14045
14053
14137
14174
14206
14288
14313
14325
14376
14377
14426
14435
14442
14459
14464
14535
14553
14627
14637
14641
14688
14750
14762
14839
14840
14868
14873
14876
14937
14962
14968
14998
15008
15009
15055
15076
15085
15090
15247
15267
15302
15310
15388
15415
15469
15544
15574
15579
15632
15647
15766
15804
15812
15832
15844
15891
15920
15949
15960
15974
15981
15987
16015
16081
16121
16152
16233
16260
16397
16428
16458
16460
16487
16496
16513
16539
16547
16549
16571
16609
16611
16626
16701
16727
16756
16758
16785
16797
16812
16844
16853
16858
16935
16940
16953
16980
16987
16989
17006
17015
17018
17028
17051
17108
17132
17266
17283
17286
17394
17496
17510
17532
17539
17580
17612
17634
17635
17645
17670
17725
17727
17744
17764
17764
17809
17853
17880
17925
17942
17973
17984
18003
18028
18035
18049
18060
18075
18117
18201
18275
18328
18360
18562
18577
18671
18687
18700
18710
18762
18792
18799
18833
18887
18890
18891
18901
18910
18936
18936
19023
19025
19058
19076
19105
19117
19126
19151
19276
19337
19341
19445
19449
19460
19471
19489
19511
19511
19564
19593
19605
19706
19798
19848
19877
19886
19928
19955
19969
19978
20008
20198
20200
20278
20290
20336
20359
20385
20409
20418
20422
20426
20437
20449
20451
20451
20500
20517
20581
20627
20652
20658
20702
20742
20786
20811
20922
20962
20981
20993
21029
21052
21058
21143
21242
21251
21292
21328
21374
21416
21424
21489
21504
21574
21642
21751
21762
21802
21828
21834
21870
21873
21883
21920
21924
21933
21954
21957
21961
22010
22073
22096
22143
22173
22174
22183
22184
22220
22235
22247
22261
22283
22299
22316
22409
22411
22499
22514
22582
22593
22634
22648
22676
22732
22823
22837
22849
22859
22872
22888
22889
22892
22914
22960
22969
23049
23084
23114
23120
23278
23325
23420
23436
23470
23471
23483
23496
23506
23653
23653
23708
23714
23726
23733
23775
23776
23808
23856
23860
23890
23934
23947
23959
23973
23995
24030
24035
24056
24065
24081
24105
24163
24212
24223
24298
24321
24346
24396
24504
24564
24584
24652
24693
24712
24762
24772
24811
24816
24873
24914
25060
25071
25080
25101
25146
25161
25193
25254
25285
25289
25295
25336
25339
25356
25378
25419
25610
25635
25677
25685
25696
25703
25739
25763
25797
25841
25878
25900
25908
25914
25928
25929
25963
25988
26009
26024
26031
26104
26125
26130
26161
26184
26201
26322
26381
26455
26616
26632
26651
26672
26698
26734
26770
26789
26954
26962
26970
26977
27012
27037
27038
27047
27049
27069
27146
27201
27238
27426
27450
27469
27489
27510
27534
27563
27618
27659
27706
27725
27768
27785
27797
27802
27815
27884
27946
27992
28002
28021
28038
28043
28044
28045
28146
28224
28316
28340
28346
28382
28402
28436
28460
28530
28547
28564
28641
28656
28697
28709
28778
28854
28892
28897
28981
29011
29051
29102
29104
29134
29205
29251
29258
29262
29295
29315
29352
29454
29463
29497
29522
29528
29598
29617
29651
29697
29727
29732
29735
29738
29763
29775
29795
29817
29825
29964
30023
30102
30177
30201
30219
30224
30265
30286
30306
30352
30393
30413
30506
30525
30573
30691
30716
30718
30751
30757
30758
30771
30773
30792
30807
30825
30909
30929
31012
31017
31018
31071
31158
31190
31194
31216
31227
31283
31285
31311
31318
31470
31515
31542
31547
31550
31560
31583
31600
31608
31650
31664
31755
31764
31768
31789
31814
31832
31853
31872
31963
31964
31975
32088
32089
32172
32241
32250
32427
32456
32484
32487
32511
32523
32525
32572
32667
32693
32757
